2.401211448429606266e-01
2.475297348412979770e-01
2.550649402570993041e-01
2.627285142317861144e-01
2.705223554027594290e-01
2.784485023276918048e-01
2.865091622915935665e-01
2.947067024770197996e-01
3.030436830093620193e-01
3.115228466432011789e-01
3.201471474911737891e-01
3.289197598787270138e-01
3.378440928008404343e-01
3.469238016932451041e-01
3.561628155687328046e-01
3.655653448765667779e-01
3.751359088722072688e-01
3.848793514469859844e-01
3.948008578108880839e-01
4.049059905235524170e-01
4.152007153497396241e-01
4.256914120376637523e-01
4.363849278761084416e-01
4.472885900766677136e-01
4.584102451257362487e-01
4.697583136698713080e-01
4.813418106694457577e-01
4.931704041583357401e-01
5.052544477002363088e-01
5.176050582223525875e-01
5.302341477901545419e-01
5.431545152639322138e-01
5.563798799590933264e-01
5.699250017873284113e-01
5.838057171244257493e-01
5.980390786436569073e-01
6.126434249111964991e-01
6.276384976692290785e-01
6.430455755060626721e-01
6.588876044879449223e-01
6.751893563355623185e-01
6.919776048423502690e-01
7.092812903150246262e-01
7.271317570765146732e-01
7.455629890609140054e-01
7.646118555329262101e-01
7.843184538169436504e-01
8.047263973843598039e-01
8.258832296375695492e-01
8.478408662777542348e-01
8.706560590008005640e-01
8.943909877398008579e-01
9.191138862292947964e-01
9.448997919474676488e-01
9.718313857937361799e-01
