-3.999999999999999112e+00 -1.052567183912670146e+01
-3.991314680804831205e+00 -1.049128180359450901e+01
-3.982632716446469434e+00 -1.045690245600158796e+01
-3.973957278994861841e+00 -1.042254625913965960e+01
-3.965251256853510320e+00 -1.038809782027777295e+01
-3.956559123755525764e+00 -1.035368686001464233e+01
-3.947883449450001692e+00 -1.031933088310919544e+01
-3.939188880208654098e+00 -1.028491358421615764e+01
-3.930516906065388394e+00 -1.025056267441115843e+01
-3.921833291831846147e+00 -1.021618471995910404e+01
-3.913142084340152760e+00 -1.018177611762331658e+01
-3.904447103980598133e+00 -1.014736370547601751e+01
-3.895786115800676797e+00 -1.011305160714025142e+01
-3.887093509746685438e+00 -1.007864606227157722e+01
-3.878407330561592481e+00 -1.004425281630965472e+01
-3.869698402658154901e+00 -1.000979878673473955e+01
-3.861034521710172474e+00 -9.975479057426621665e+00
-3.852354587498256766e+00 -9.941113350464833687e+00
-3.843662899129189903e+00 -9.906706962447383802e+00
-3.834963520005434390e+00 -9.872285619327371364e+00
-3.826289397184088781e+00 -9.837935590701038180e+00
-3.817585347565445542e+00 -9.803494551547382585e+00
-3.808912446995449397e+00 -9.769148774776292399e+00
-3.800217406031014544e+00 -9.734741265277241595e+00
-3.791531769734382440e+00 -9.700360049509320959e+00
-3.782858362061718438e+00 -9.666012108607120012e+00
-3.774174008538106140e+00 -9.631635568135527237e+00
-3.765482716487313031e+00 -9.597240786215689212e+00
-3.756788268255240038e+00 -9.562837619756850316e+00
-3.748118545447471917e+00 -9.528495689784673317e+00
-3.739427791876507534e+00 -9.494122953684263067e+00
-3.730743972582226231e+00 -9.459722980609981846e+00
-3.722047152961190264e+00 -9.425321570189966636e+00
-3.713363921283581615e+00 -9.390960144092330708e+00
-3.704674852957295705e+00 -9.356583430449255445e+00
-3.695983663479233350e+00 -9.322167677571970401e+00
-3.687314993611240155e+00 -9.287865651214177731e+00
-3.678629442339184319e+00 -9.253486888417409517e+00
-3.669931364045611488e+00 -9.219084501921045671e+00
-3.661244782677161247e+00 -9.184697790747597068e+00
-3.652572401381458000e+00 -9.150373174647697283e+00
-3.643878493763014426e+00 -9.115971704963296673e+00
-3.635186443738663620e+00 -9.081600183143631710e+00
-3.626499522032125444e+00 -9.047205257550595903e+00
-3.617820803039744959e+00 -9.012864815166016896e+00
-3.609135515627388990e+00 -8.978504669843870190e+00
-3.600447413394065155e+00 -8.944139032799917288e+00
-3.591760034688150416e+00 -8.909781301972152789e+00
-3.583076710944913312e+00 -8.875414672895791668e+00
-3.574384275423068580e+00 -8.841032646349631818e+00
-3.565702614875491339e+00 -8.806697168103760021e+00
-3.557018808473265459e+00 -8.772343838585621612e+00
-3.548336350589590182e+00 -8.737986725011268163e+00
-3.539643484138152107e+00 -8.703620687312556115e+00
-3.530958943654841864e+00 -8.669277386928687434e+00
-3.522271158217446629e+00 -8.634925170933401617e+00
-3.513583690854107822e+00 -8.600552366707022500e+00
-3.504899896714919638e+00 -8.566222741452602207e+00
-3.496222931403293543e+00 -8.531898286429338896e+00
-3.487529068757349471e+00 -8.497535459731684782e+00
-3.478848835333871570e+00 -8.463204687306870255e+00
-3.470159159324663012e+00 -8.428863133313255318e+00
-3.461476534667290661e+00 -8.394539701852059110e+00
-3.452791599825155711e+00 -8.360187302863847592e+00
-3.444107860055415582e+00 -8.325863974449775995e+00
-3.435416779108518170e+00 -8.291524340626910572e+00
-3.426733763985992720e+00 -8.257196348784090034e+00
-3.418050341626681643e+00 -8.222878673968645913e+00
-3.409358757987718480e+00 -8.188550325398113117e+00
-3.400673792792285877e+00 -8.154238064583170242e+00
-3.391987721784654575e+00 -8.119902491263959021e+00
-3.383303981419375717e+00 -8.085595892635833337e+00
-3.374615515643458519e+00 -8.051280164867817390e+00
-3.365925974512531393e+00 -8.016968872509361077e+00
-3.357248682904153458e+00 -7.982686529439910750e+00
-3.348557218016297021e+00 -7.948357193362713069e+00
-3.339874780683441013e+00 -7.914070867554209521e+00
-3.331185592054864752e+00 -7.879765285971641831e+00
-3.322502547086424229e+00 -7.845481959407942796e+00
-3.313810765755976107e+00 -7.811178913539230884e+00
-3.305131672017543654e+00 -7.776922932131278721e+00
-3.296442107061896110e+00 -7.742631207880711131e+00
-3.287754481260875661e+00 -7.708344076515515120e+00
-3.279072055535932506e+00 -7.674089367215615631e+00
-3.270381706667404575e+00 -7.639799973844477954e+00
-3.261703140766757603e+00 -7.605567580124829696e+00
-3.253015704725926049e+00 -7.571303313622981257e+00
-3.244330911504484050e+00 -7.537044846863524938e+00
-3.235644505899284873e+00 -7.502796127760561262e+00
-3.226952630381838105e+00 -7.468534118732774729e+00
-3.218273339981539305e+00 -7.434315641158128152e+00
-3.209581119193468002e+00 -7.400066653075280776e+00
-3.200900792304172793e+00 -7.365851233346139892e+00
-3.192214749701182352e+00 -7.331631999854138826e+00
-3.183526696234749931e+00 -7.297409855672904122e+00
-3.174840123372073108e+00 -7.263197902904040326e+00
-3.166151950468851783e+00 -7.228989377702384367e+00
-3.157465645204159621e+00 -7.194785407140850353e+00
-3.148784471157619613e+00 -7.160610019655663017e+00
-3.140099503345862963e+00 -7.126427308313091125e+00
-3.131408455899711285e+00 -7.092232962092539061e+00
-3.122726583024379998e+00 -7.058075144777676613e+00
-3.114039776385287617e+00 -7.023913792988870419e+00
-3.105351696206482437e+00 -6.989741257477124492e+00
-3.096665791042975791e+00 -6.955591406948321342e+00
-3.087979987891746436e+00 -6.921449876782519439e+00
-3.079297652567945409e+00 -6.887329053294975800e+00
-3.070611731448812609e+00 -6.853209930571202868e+00
-3.061925805219612329e+00 -6.819086362468183005e+00
-3.053238336712362333e+00 -6.784975250051386908e+00
-3.044552789422304340e+00 -6.750879635436333182e+00
-3.035867706069546035e+00 -6.716788353837325865e+00
-3.027181807093423327e+00 -6.682708866399321934e+00
-3.018493979949259387e+00 -6.648622486212256710e+00
-3.009807711024000909e+00 -6.614559323680794023e+00
-3.001121927673145784e+00 -6.580509498467144169e+00
-2.992422901695661164e+00 -6.546425662614485219e+00
-2.983760808957360844e+00 -6.512468674690634174e+00
-2.975063031962556170e+00 -6.478406705313338065e+00
-2.966375228780739448e+00 -6.444394671330071489e+00
-2.957700192586374399e+00 -6.410427309511573135e+00
-2.949001920826615386e+00 -6.376398856557213612e+00
-2.940323006415244134e+00 -6.342446518107070830e+00
-2.931628581967356428e+00 -6.308452933939986629e+00
-2.922959301657538589e+00 -6.274556437231455952e+00
-2.914281404834597300e+00 -6.240636363380208884e+00
-2.905563811982043276e+00 -6.206615479855599027e+00
-2.896880746454285838e+00 -6.172711327086886968e+00
-2.888199993101654872e+00 -6.138829066159954273e+00
-2.879524783303474500e+00 -6.104980089677212618e+00
-2.870825897032232454e+00 -6.071072007755584643e+00
-2.862139717847139497e+00 -6.037209592464660268e+00
-2.853468877992554553e+00 -6.003415001037865295e+00
-2.844785460502411656e+00 -5.969599780177433423e+00
-2.836093566542248201e+00 -5.935771869171508008e+00
-2.827397068790139745e+00 -5.901950410554248627e+00
-2.818728228440538164e+00 -5.868222156460687344e+00
-2.810032701648727649e+00 -5.834431502757759347e+00
-2.801342913045577365e+00 -5.800682653049440418e+00
-2.792661904711643217e+00 -5.766969636977777647e+00
-2.783966122181326330e+00 -5.733234219212704375e+00
-2.775285695469602132e+00 -5.699562770040928150e+00
-2.766597722188104402e+00 -5.665887957350981274e+00
-2.757906016116116188e+00 -5.632222512182634588e+00
-2.749238552020311310e+00 -5.598651567011651231e+00
-2.740549476283500319e+00 -5.565028989148646410e+00
-2.731866846093896850e+00 -5.531454809533527417e+00
-2.723170694656610991e+00 -5.497855799904145080e+00
-2.714487697933755772e+00 -5.464322593196463629e+00
-2.705798399305253454e+00 -5.430788603683340376e+00
-2.697106541643494726e+00 -5.397270749969107051e+00
-2.688436846680086756e+00 -5.363844134171162459e+00
-2.679749828113566323e+00 -5.330386869133233674e+00
-2.671049867930215704e+00 -5.296908901245617862e+00
-2.662381027580614123e+00 -5.263564379477764454e+00
-2.653686152940883058e+00 -5.230181902791779081e+00
-2.645008497021518412e+00 -5.196851059171629927e+00
-2.636312824110454311e+00 -5.163468152127084210e+00
-2.627621992135442675e+00 -5.130181426520522336e+00
-2.618939096617109108e+00 -5.096921647049756920e+00
-2.610249341162493852e+00 -5.063646211377117012e+00
-2.601573853694516103e+00 -5.030494197553102786e+00
-2.592881145953576105e+00 -4.997296333207335017e+00
-2.584192272364456588e+00 -4.964117369857640405e+00
-2.575510384892680804e+00 -4.931003499748756624e+00
-2.566822425932523632e+00 -4.897915274135953290e+00
-2.558147824226708167e+00 -4.864876583783408037e+00
-2.549458380453282658e+00 -4.831871304263249733e+00
-2.540773420291231321e+00 -4.798856373981593038e+00
-2.532081266718991586e+00 -4.765897130826890482e+00
-2.523400211601027010e+00 -4.732982533389749946e+00
-2.514718768064402976e+00 -4.700110780805485611e+00
-2.506026399725332254e+00 -4.667249884623427825e+00
-2.497340772045430590e+00 -4.634421920765815273e+00
-2.488651484509786460e+00 -4.601626783333904847e+00
-2.479975240617092958e+00 -4.568943782243935381e+00
-2.471288931583148329e+00 -4.536243508255339840e+00
-2.462596515841991351e+00 -4.503538775182813758e+00
-2.453914079335890452e+00 -4.470935307368140599e+00
-2.445220196196205897e+00 -4.438339258972888501e+00
-2.436542647192928346e+00 -4.405833568007708756e+00
-2.427848948631885495e+00 -4.373320381253988920e+00
-2.419166224341914972e+00 -4.340880670398560071e+00
-2.410486028005560222e+00 -4.308488699183756765e+00
-2.401800623366784126e+00 -4.276146757421070532e+00
-2.393113684972912214e+00 -4.243838842539157774e+00
-2.384428675206137438e+00 -4.211574975291470402e+00
-2.375738536221244424e+00 -4.179333617971222381e+00
-2.367057055562370671e+00 -4.147180231101726733e+00
-2.358367272079270993e+00 -4.115062553023620673e+00
-2.349682761216517424e+00 -4.082996187416055633e+00
-2.340997062999160327e+00 -4.050984905086087551e+00
-2.332313618197195293e+00 -4.019037761600789516e+00
-2.323626514790546160e+00 -3.987135795849944042e+00
-2.314939339095503978e+00 -3.955288581604998299e+00
-2.306255468659723196e+00 -3.923482862056432374e+00
-2.297569463554474556e+00 -3.891745980720810572e+00
-2.288876373797883002e+00 -3.860061145250690551e+00
-2.280196550205839667e+00 -3.828444748100355621e+00
-2.271508239783635030e+00 -3.796894724521048037e+00
-2.262823265809409179e+00 -3.765402259262966123e+00
-2.254137007867860643e+00 -3.733952574755081244e+00
-2.245452913004476692e+00 -3.702595832870346992e+00
-2.236766733819383735e+00 -3.671296845473845494e+00
-2.228081963871095361e+00 -3.640064566919227751e+00
-2.219394694161029857e+00 -3.608885797841235643e+00
-2.210708443714004545e+00 -3.577789088097634629e+00
-2.202019610206643385e+00 -3.546742401603807160e+00
-2.193331719345001929e+00 -3.515773982323936231e+00
-2.184648090390955755e+00 -3.484910657609386231e+00
-2.175965331914482270e+00 -3.454102687267496918e+00
-2.167280377860259399e+00 -3.423376457918295035e+00
-2.158590469665900624e+00 -3.392703249101812979e+00
-2.149905405613298903e+00 -3.362128822804615780e+00
-2.141222262694550516e+00 -3.331642302164533831e+00
-2.132532512140948633e+00 -3.301216077353721801e+00
-2.123845691173439132e+00 -3.270876816471920634e+00
-2.115159340422910983e+00 -3.240632555985592855e+00
-2.106476804894558352e+00 -3.210473926716892468e+00
-2.097790350977236873e+00 -3.180409937769343554e+00
-2.089103579350365170e+00 -3.150432013221664551e+00
-2.080419881387228109e+00 -3.120548318249499076e+00
-2.071732201549875807e+00 -3.090752279289002313e+00
-2.063044145660156037e+00 -3.061052450299623917e+00
-2.054359109973278308e+00 -3.031473106900179015e+00
-2.045675464905161167e+00 -3.001990787187262644e+00
-2.036987040622922684e+00 -2.972585018164073389e+00
-2.028302125633720809e+00 -2.943310546725411481e+00
-2.019619342689475516e+00 -2.914144992411334734e+00
-2.010933028544880319e+00 -2.885069340169606811e+00
-2.002246761168452682e+00 -2.856123501800775788e+00
-1.993576747492356915e+00 -2.827322754084928835e+00
-1.984891839354162579e+00 -2.798618005452236712e+00
-1.976171607465113222e+00 -2.769914971389860536e+00
-1.967502117142889473e+00 -2.741485244739100047e+00
-1.958804766303190670e+00 -2.713106190936172002e+00
-1.950123280126117686e+00 -2.684891912979372908e+00
-1.941460102060219128e+00 -2.656877971854631593e+00
-1.932743110761850014e+00 -2.628831131781248942e+00
-1.924088238517222216e+00 -2.601112388108006268e+00
-1.915387979134748564e+00 -2.573397543335430804e+00
-1.906683398795668172e+00 -2.545808264997255321e+00
-1.898012481441700539e+00 -2.518471802097134393e+00
-1.889342962441968865e+00 -2.491289990794670839e+00
-1.880645118703573759e+00 -2.464187067318733160e+00
-1.871956326173542351e+00 -2.437259442973698675e+00
-1.863279432843592875e+00 -2.410543905164414191e+00
-1.854586034832116370e+00 -2.383939868630350567e+00
-1.845910930985578791e+00 -2.357565679458986541e+00
-1.837226561164813088e+00 -2.331323711566084089e+00
-1.828536834916156151e+00 -2.305254532820113500e+00
-1.819845440546651316e+00 -2.279369208142204339e+00
-1.811155853453102704e+00 -2.253678410283890265e+00
-1.802471344477229120e+00 -2.228177883810048332e+00
-1.793794988236725452e+00 -2.202921283034145361e+00
-1.785103192439779551e+00 -2.177795141656459599e+00
-1.776400235350306334e+00 -2.152857428603077050e+00
-1.767715597919605086e+00 -2.128183675060637547e+00
-1.759051583966962040e+00 -2.103782781059132301e+00
-1.750361454459582244e+00 -2.079531661992555236e+00
-1.741674065251027637e+00 -2.055504847242024979e+00
-1.732992630335645101e+00 -2.031714994049934386e+00
-1.724297150551789670e+00 -2.008135593530150143e+00
-1.715614390004230438e+00 -1.984820964954245870e+00
-1.706924859877135825e+00 -1.961716853536701999e+00
-1.698232330561985526e+00 -1.938869943313634492e+00
-1.689561605184151993e+00 -1.916329487599749637e+00
-1.680873111718161228e+00 -1.893982397832153719e+00
-1.672191675676489186e+00 -1.871925062858077693e+00
-1.663500240854736578e+00 -1.850081627452082822e+00
-1.654802768070020136e+00 -1.828486890567154965e+00
-1.646122220935158253e+00 -1.807217675133480306e+00
-1.637442133445510928e+00 -1.786216751168732131e+00
-1.628747370875060607e+00 -1.765430822509101771e+00
-1.620060277198083876e+00 -1.744952650100557889e+00
-1.611383779048544351e+00 -1.724767065528983290e+00
-1.602685826091154508e+00 -1.704787584230360586e+00
-1.594005158808195599e+00 -1.685123258735643281e+00
-1.585327421564278749e+00 -1.665741478019619803e+00
-1.576639421915023043e+00 -1.646595781888817722e+00
-1.567945131843725637e+00 -1.627672428007525873e+00
-1.559264040816668029e+00 -1.609058902799175073e+00
-1.550583316669197798e+00 -1.590690479515567413e+00
-1.541891179382814503e+00 -1.572523175712703392e+00
-1.533206497656464329e+00 -1.554604284493497524e+00
-1.524517676423883916e+00 -1.536909153186404975e+00
-1.515842575634619216e+00 -1.519440346605687386e+00
-1.507155832337677026e+00 -1.502129629947767331e+00
-1.498461497350024541e+00 -1.484997522010958138e+00
-1.489776808616489534e+00 -1.468016911258838597e+00
-1.481091426308585701e+00 -1.451205430743752078e+00
-1.472408762079432609e+00 -1.434488696401884589e+00
-1.463719392751617665e+00 -1.417863150971231168e+00
-1.455039467531743513e+00 -1.401356215015265416e+00
-1.446347526026525276e+00 -1.384831554630187256e+00
-1.437659544235395437e+00 -1.368333572641497575e+00
-1.428978665804255810e+00 -1.351842364572376498e+00
-1.420296412367751948e+00 -1.335300614598952551e+00
-1.411605027057813766e+00 -1.318677197786548794e+00
-1.402919402547279537e+00 -1.301953968633268177e+00
-1.394231809767235042e+00 -1.285095491463754236e+00
-1.385545737166825830e+00 -1.268071037167116666e+00
-1.376864468292600563e+00 -1.250875446403883595e+00
-1.368170813499370198e+00 -1.233412067707076565e+00
-1.359488749786411876e+00 -1.215735196474879931e+00
-1.350801488310856779e+00 -1.197807246871229303e+00
-1.342122252976779118e+00 -1.179620038909301449e+00
-1.333435222992091385e+00 -1.161107692231185151e+00
-1.324744225448661439e+00 -1.142295599079335533e+00
-1.316061860945749951e+00 -1.123237603550130359e+00
-1.307373367048519031e+00 -1.103840691124778450e+00
-1.298691114771924671e+00 -1.084227046301983854e+00
-1.290001171974811234e+00 -1.064342733906718186e+00
-1.281315663530066651e+00 -1.044281830697836755e+00
-1.272629566527340383e+00 -1.024020073829120969e+00
-1.263946287331943585e+00 -1.003665983217812752e+00
-1.255261213593565461e+00 -9.832732790979517024e-01
-1.246570158424576968e+00 -9.628638718470141633e-01
-1.237884358557342912e+00 -9.425078029701464688e-01
-1.229199517878706738e+00 -9.223437633275046732e-01
-1.220518951188868773e+00 -9.024650701563190491e-01
-1.211831628858832000e+00 -8.828492223496599012e-01
-1.203141317824069523e+00 -8.636769748089827559e-01
-1.194458364931386685e+00 -8.449996843785574363e-01
-1.185772387602756606e+00 -8.269315199591784626e-01
-1.177086933902556476e+00 -8.095572034611379086e-01
-1.168398944599002620e+00 -7.929068003318535673e-01
-1.159711941646089928e+00 -7.770835507749609405e-01
-1.151029240741843873e+00 -7.621385073717897862e-01
-1.142341904791588814e+00 -7.480925285363660970e-01
-1.133653577250398170e+00 -7.349738118234635520e-01
-1.124973481556668542e+00 -7.228115621192778839e-01
-1.116287474383185430e+00 -7.115357907089963074e-01
-1.107599271937135699e+00 -7.011054491605087646e-01
-1.098912376600052143e+00 -6.914539846781612153e-01
-1.090224739479330518e+00 -6.824617587959576070e-01
-1.081539777646092437e+00 -6.739868388243974717e-01
-1.072855569917947616e+00 -6.658675286968346319e-01
-1.064170407798562978e+00 -6.578814197472028225e-01
-1.055482783071783448e+00 -6.498078418577174498e-01
-1.046796213013834853e+00 -6.414255658415144445e-01
-1.038114008847939473e+00 -6.324842718704529743e-01
-1.029425341655995307e+00 -6.227311279680463052e-01
-1.020738518277915396e+00 -6.119786866235958911e-01
-1.012052339092822884e+00 -6.000430507741385533e-01
-1.003370138777964993e+00 -5.868139277307766744e-01
-9.946907631514833037e-01 -5.722493183130272776e-01
-9.859837707416360120e-01 -5.562697845777100358e-01
-9.773242380462724421e-01 -5.392387582447224492e-01
-9.686319371142269041e-01 -5.210895519952530863e-01
-9.599517584525377734e-01 -5.022563259671400937e-01
-9.512475423005102293e-01 -4.829664137613348118e-01
-9.425621317870606086e-01 -4.637275983488536868e-01
-9.338978032332266865e-01 -4.449799794049021373e-01
-9.251835593548252135e-01 -4.269147885651130014e-01
-9.164973801697325895e-01 -4.101431293827643709e-01
-9.078058793026838602e-01 -3.949194149499317685e-01
-8.991471733426990021e-01 -3.815792002119114956e-01
-8.904551991216531626e-01 -3.700982427907484884e-01
-8.817683516729726279e-01 -3.605884165231770799e-01
-8.730897053998392110e-01 -3.529489864154136680e-01
-8.643903639713205189e-01 -3.468092860025222546e-01
-8.557060728014690421e-01 -3.418858284925200275e-01
-8.470087899613808480e-01 -3.375219620990006497e-01
-8.383325875622640311e-01 -3.332062490193787307e-01
-8.296502608608159468e-01 -3.281575204403133772e-01
-8.209655340679935520e-01 -3.217456482467348500e-01
-8.122819174323950842e-01 -3.134434364761381486e-01
-8.036027155626569440e-01 -3.029315460954135064e-01
-7.949039524215159025e-01 -2.900431757094636409e-01
-7.862167006646957335e-01 -2.750915934559223786e-01
-7.775436633207531978e-01 -2.585593173178843962e-01
-7.688363584949010621e-01 -2.410561266636724043e-01
-7.601751797117324294e-01 -2.236727620760839697e-01
-7.514872677791001321e-01 -2.070728545940049570e-01
-7.428015738606554841e-01 -1.921452216790785206e-01
-7.340977956982435160e-01 -1.794136609755991318e-01
-7.254265358035291156e-01 -1.693433739598632359e-01
-7.167440126613439100e-01 -1.617632061212876116e-01
-7.080542498299342569e-01 -1.562352635279856405e-01
-6.993610453646016412e-01 -1.520407469876184914e-01
-6.906679801240173111e-01 -1.481946795645003312e-01
-6.819993081820791003e-01 -1.436887900429167919e-01
-6.732955549256742778e-01 -1.373625973069718120e-01
-6.646223458891705738e-01 -1.287582620782154186e-01
-6.559419275486980672e-01 -1.176172879861102777e-01
-6.472388082761690864e-01 -1.043063276198718248e-01
-6.385554919136715579e-01 -8.976476164364219357e-02
-6.298756733643424699e-01 -7.507461794617531492e-02
-6.211843597275237272e-01 -6.141726576066462023e-02
-6.125033930644362412e-01 -4.973164105082295700e-02
-6.038180947999628456e-01 -4.045810009009968844e-02
-5.951320883104088688e-01 -3.349009052379448709e-02
-5.864487868244498969e-01 -2.814283700230213459e-02
-5.777549751582180537e-01 -2.328542967838665226e-02
-5.690707476150302924e-01 -1.783019084171643190e-02
-5.603831336824359743e-01 -1.068968285441257784e-02
-5.516957044241761476e-01 -1.476013494742172989e-03
-5.430118227154346888e-01 9.552110790152308975e-03
-5.343346515746696390e-01 2.151811160477582266e-02
-5.256380239673692500e-01 3.334701043585349550e-02
-5.169550181852841098e-01 4.388513737717313762e-02
-5.082742118442865609e-01 5.259809401518381750e-02
-4.995851222437325267e-01 5.961310399272779642e-02
-4.909050561886205699e-01 6.559297738754005236e-02
-4.822104881164447354e-01 7.165980846334263354e-02
-4.735314875305225435e-01 7.866142631694401921e-02
-4.648451804089606676e-01 8.710452924662601126e-02
-4.561553645504886623e-01 9.673219357995786749e-02
-4.474656207349048676e-01 1.067306764263405289e-01
-4.387912491200511300e-01 1.161548342110498427e-01
-4.300996373152853880e-01 1.244887121137111391e-01
-4.214180885981302915e-01 1.316389838462545259e-01
-4.127269167620659651e-01 1.382453405516792244e-01
-4.040410712424515327e-01 1.450254637934941804e-01
-3.953528206926432698e-01 1.525748644010498922e-01
-3.866656797673125867e-01 1.608860818892983713e-01
-3.779829571436966740e-01 1.695009547343932499e-01
-3.692975993237924137e-01 1.778164097485410433e-01
-3.606131309823160103e-01 1.854210906071374343e-01
-3.519231046504813221e-01 1.924475230258928249e-01
-3.432407931225245346e-01 1.993050497595209858e-01
-3.345503489857835633e-01 2.064947890874489211e-01
-3.258648200975429177e-01 2.140726870869447129e-01
-3.171872917008318749e-01 2.218248553607277962e-01
-3.084941503982034927e-01 2.294061139531296811e-01
-2.998070088271213018e-01 2.365808254722130965e-01
-2.911288908816454524e-01 2.434584302535421074e-01
-2.824376680974711729e-01 2.504057210721157833e-01
-2.737537959771650931e-01 2.575153798202685640e-01
-2.650642247258064854e-01 2.647374902977099875e-01
-2.563804996284386184e-01 2.718483763159750266e-01
-2.476979675051128038e-01 2.787618640478484178e-01
-2.390123968068688931e-01 2.855467043350104484e-01
-2.303273359445074386e-01 2.923275490049677683e-01
-2.216388913284382534e-01 2.991802115494882064e-01
-2.129506348454167919e-01 3.060180297006593331e-01
-2.042659301223919699e-01 3.127647178000944606e-01
-1.955811273844829390e-01 3.193786259160210639e-01
-1.868929244146928237e-01 3.260064718544071205e-01
-1.782114400237857776e-01 3.326003453994128001e-01
-1.695203997537461926e-01 3.391863438601316894e-01
-1.608363170853499002e-01 3.456862886344334029e-01
-1.521498265357515145e-01 3.521270774292146188e-01
-1.434644408681663985e-01 3.585671648801819766e-01
-1.347775437098209517e-01 3.649453479489147556e-01
-1.260925960983877159e-01 3.712848541269478386e-01
-1.174071642206551275e-01 3.775907159109790912e-01
-1.087190692448616325e-01 3.838651876993828260e-01
-1.000373085530915085e-01 3.900656405999970433e-01
-9.134880145075303937e-02 3.962582229339002837e-01
-8.266256920022736765e-02 4.023972654069291055e-01
-7.397670210302192961e-02 4.085007490471246339e-01
-6.529455072578692343e-02 4.145555114879564407e-01
-5.660442349104551768e-02 4.206025699437328513e-01
-4.791986082977539585e-02 4.265889855560742183e-01
-3.923440188000669460e-02 4.325425546964429824e-01
-3.054681074956182990e-02 4.384689276654040180e-01
-2.186058543167866686e-02 4.443582193065950814e-01
-1.317901863636318505e-02 4.501924096430994782e-01
-4.492041614473871528e-03 4.560051727600671900e-01
4.192356259714266967e-03 4.617750011994605219e-01
1.287938717128981302e-02 4.675187312303878406e-01
2.156139203735481583e-02 4.732130353873347794e-01
3.023529601224473826e-02 4.788464610590834059e-01
3.893791903861996972e-02 4.845344258862069320e-01
4.762527758178358023e-02 4.901391994634020643e-01
5.629488707622794241e-02 4.956652805376544624e-01
6.498182169730538915e-02 5.012085976788173136e-01
7.368169947628336325e-02 5.067543061487683742e-01
8.235445133096898351e-02 5.121902351916911567e-01
9.106873150001221218e-02 5.177175417800125024e-01
9.974968084898747089e-02 5.231039056465320858e-01
1.084297084234664699e-01 5.284629148969085533e-01
1.171055027612509930e-01 5.337734301407437432e-01
1.258064581395268722e-01 5.391384599519630783e-01
1.344958558346735222e-01 5.444318167778199324e-01
1.431709932001783425e-01 5.496574066575218298e-01
1.518599555125121070e-01 5.548943942206053803e-01
1.605285538517573496e-01 5.600319718733434149e-01
1.692334513010972097e-01 5.652474468287597142e-01
1.779114760940093409e-01 5.703580825209791927e-01
1.865890912724069151e-01 5.754492817462601995e-01
1.952906601109692941e-01 5.805545785602005404e-01
2.039570916812440127e-01 5.855404925341567424e-01
2.126669287934233044e-01 5.906443116898275614e-01
2.213359795338283031e-01 5.955872825147179306e-01
2.300399811579423304e-01 6.005898239921544368e-01
2.387233753953975357e-01 6.055318159515425958e-01
2.474085619215695975e-01 6.104449096142697817e-01
2.560920653390132973e-01 6.153046307286366146e-01
2.647706145218652884e-01 6.201478500477582978e-01
2.734642726213462605e-01 6.249853090087120755e-01
2.821460991494676440e-01 6.297828297566202549e-01
2.908356466008072405e-01 6.345770160162351736e-01
2.995072987004875897e-01 6.392618557469159635e-01
3.082014606510761756e-01 6.440051359027331168e-01
3.168925037612949636e-01 6.487222692076484165e-01
3.255772319404177662e-01 6.533917606713621762e-01
3.342526423342307429e-01 6.580072134855521337e-01
3.429356348876303473e-01 6.626149842928527045e-01
3.516223997363659426e-01 6.672174823992689241e-01
3.603093443420586350e-01 6.717899842526174892e-01
3.689930851652462596e-01 6.763326179856774534e-01
3.776886407333702733e-01 6.808879498507180994e-01
3.863740990854829249e-01 6.853846828323172380e-01
3.950641643312420848e-01 6.898714627796123100e-01
4.037380503638554607e-01 6.942889250090800157e-01
4.124269450095875422e-01 6.987240860889849525e-01
4.211101297934343179e-01 7.031202824099260784e-01
4.298007116306465369e-01 7.075209335019159163e-01
4.384948823144635410e-01 7.119081060039428310e-01
4.471735415824630855e-01 7.162232489830581139e-01
4.558646347875276450e-01 7.205460918599331244e-01
4.645491582338594494e-01 7.248428678775749034e-01
4.732387308569503959e-01 7.291199652410541576e-01
4.819153651083745160e-01 7.333429001829161464e-01
4.906045212012306589e-01 7.375852062004992771e-01
4.992883382306325668e-01 7.417745160132884763e-01
5.079772413914500628e-01 7.459694528994704754e-01
5.166675590990429390e-01 7.501478921341948602e-01
5.253428770568645545e-01 7.542588447191579393e-01
5.340388045395469963e-01 7.584042682327205576e-01
5.427258638037911753e-01 7.625193989769887271e-01
5.514011980984597772e-01 7.665706108770277138e-01
5.600980074262992270e-01 7.706599066372099571e-01
5.687764903087900725e-01 7.746681079848894980e-01
5.774688206852898187e-01 7.787090567816750131e-01
5.861482879084536357e-01 7.826999957832180277e-01
5.948343555833178753e-01 7.866712116234032548e-01
6.035232673127914893e-01 7.906435636315299886e-01
6.122114820969990490e-01 7.945942374935500707e-01
6.208956659919627752e-01 7.985208984287384126e-01
6.295828745357967549e-01 8.024242404408964413e-01
6.382695582076983731e-01 8.062940580183006745e-01
6.469523748023220389e-01 8.101478724344285398e-01
6.556377784532448905e-01 8.140043485270456181e-01
6.643222472350628349e-01 8.178159391240551468e-01
6.730116863413735384e-01 8.216563889660218889e-01
6.816933920045641360e-01 8.254433531632469068e-01
6.903821663622482507e-01 8.292025578519780504e-01
6.990655386136521710e-01 8.329520228281888095e-01
7.077489664302948347e-01 8.366876081763883199e-01
7.164374211141177895e-01 8.404228126734174520e-01
7.251272350645285858e-01 8.441370870153620531e-01
7.338069364288410945e-01 8.478012171759210513e-01
7.424973221998880657e-01 8.514861741111299231e-01
7.511789891068095804e-01 8.551245735190650121e-01
7.598641769401093260e-01 8.587562039611018605e-01
7.685567096467843529e-01 8.623931965859550353e-01
7.772382730095319658e-01 8.659782839949612399e-01
7.859274684801275113e-01 8.695748488881409610e-01
7.946135068772539611e-01 8.731423345227591337e-01
8.033000310624796025e-01 8.766935040097832976e-01
8.119836401607898324e-01 8.802172551707246884e-01
8.206676979079188250e-01 8.837277523620229447e-01
8.293552417196727866e-01 8.872358867658733939e-01
8.380426948098015361e-01 8.907298439089059716e-01
8.467266888040124728e-01 8.941949215072042545e-01
8.554101140765916211e-01 8.976411974303419861e-01
8.640955734242473651e-01 9.010749854125282843e-01
8.727853981104166659e-01 9.045096115548566518e-01
8.814702517152186445e-01 9.079215325167465656e-01
8.901582386644223410e-01 9.113118710351841845e-01
8.988403201654825425e-01 9.146751761484559484e-01
9.075295931768688762e-01 9.180599904892130514e-01
9.162117289409987819e-01 9.213868001726095436e-01
9.248992640142834620e-01 9.247231250550711490e-01
9.335834496395312154e-01 9.280432729687330129e-01
9.422710317572584593e-01 9.313473622663517304e-01
9.509584387527308946e-01 9.346331666327509780e-01
9.596423072201210047e-01 9.378977429534741672e-01
9.683288167127670487e-01 9.411649853724420867e-01
9.770144408688994364e-01 9.444060237557068138e-01
9.857003480345891688e-01 9.476435301207758455e-01
9.943875493115063025e-01 9.508531899863162939e-01
1.003072595967674729e+00 9.540627418700529105e-01
1.011739561388318220e+00 9.571886020892022007e-01
1.020444155366574401e+00 9.604338076111766931e-01
1.029140179764321816e+00 9.636124856911633119e-01
1.037824750588341782e+00 9.667471655188700774e-01
1.046495164334708239e+00 9.698321623342092135e-01
1.055187138555753856e+00 9.729740107595832299e-01
1.063858548853071406e+00 9.760419666793259674e-01
1.072543985643647613e+00 9.791308685165057701e-01
1.081239260911697198e+00 9.822539090307430554e-01
1.089940418498634767e+00 9.853424718175780583e-01
1.098609119300292480e+00 9.883604315016105701e-01
1.107311745490673793e+00 9.914494502176486312e-01
1.115976429454817342e+00 9.944139859281663218e-01
1.124667217698609667e+00 9.974411792888909778e-01
1.133347265586242658e+00 1.000421826250277091e+00
1.142045148157744050e+00 1.003445551704008620e+00
1.150725746586194420e+00 1.006408173446246446e+00
1.159416788216739214e+00 1.009384172690769965e+00
1.168114286819531777e+00 1.012367795030248985e+00
1.176785574922035504e+00 1.015265064094658554e+00
1.185485491734469043e+00 1.018226552077701408e+00
1.194153436165098725e+00 1.021089788066750881e+00
1.202842365194632279e+00 1.023999906977655971e+00
1.211520997240229436e+00 1.026860296069074252e+00
1.220212724706481788e+00 1.029752957161905957e+00
1.228913405994688013e+00 1.032666393852986753e+00
1.237594000799246974e+00 1.035500358057585224e+00
1.246276945434060979e+00 1.038324411178912277e+00
1.254958734657849018e+00 1.041138846282605890e+00
1.263659735217464775e+00 1.044002024494482539e+00
1.272329043274018412e+00 1.046754048768555156e+00
1.281010628721483302e+00 1.049527938384549275e+00
1.289700410128709063e+00 1.052323556299939122e+00
1.298394533712945886e+00 1.055109962204541008e+00
1.307067950661298328e+00 1.057816548703101933e+00
1.315760490665734528e+00 1.060581707531234930e+00
1.324447085505086052e+00 1.063313855319325985e+00
1.333144876098618870e+00 1.066078124709267883e+00
1.341830056920510161e+00 1.068776268199880253e+00
1.350499991128803368e+00 1.071426657387372305e+00
1.359190199155810852e+00 1.074120080329881155e+00
1.367877506637880325e+00 1.076787142708114819e+00
1.376558709005839765e+00 1.079439362066552333e+00
1.385248682403219744e+00 1.082091303228179813e+00
1.393943539315574354e+00 1.084772975363821113e+00
1.402622427748527523e+00 1.087352998675515936e+00
1.411316604067546665e+00 1.089989921397852113e+00
1.419988773430414852e+00 1.092550873610589557e+00
1.428685415439188144e+00 1.095179472587606728e+00
1.437369992197024882e+00 1.097767282449713555e+00
1.446055386031946943e+00 1.100312332869846754e+00
1.454738178086568468e+00 1.102871158447062516e+00
1.463430091902801822e+00 1.105430104452549189e+00
1.472112573021507220e+00 1.107940863833156042e+00
1.480797157268446407e+00 1.110452847219586925e+00
1.489480351850566153e+00 1.112949930663595266e+00
1.498172660636543752e+00 1.115463170547739136e+00
1.506856655023322666e+00 1.117935741607227307e+00
1.515542700362121797e+00 1.120406816542862671e+00
1.524227305193654791e+00 1.122859499279126760e+00
1.532907183010459251e+00 1.125285096090145709e+00
1.541591723493769273e+00 1.127716159998541023e+00
1.550277284887932927e+00 1.130135848711483648e+00
1.558972426237116293e+00 1.132566227749881138e+00
1.567649702015215141e+00 1.134940979392050187e+00
1.576341350205792580e+00 1.137338140148341337e+00
1.585031863531695784e+00 1.139720394904401912e+00
1.593717930919536174e+00 1.142085203414700656e+00
1.602396439194722300e+00 1.144407969891378496e+00
1.611085733414872490e+00 1.146742213304440927e+00
1.619771386161672710e+00 1.149061444700145485e+00
1.628460455016024655e+00 1.151379640675914917e+00
1.637139350726338982e+00 1.153642972549170809e+00
1.645824934968738829e+00 1.155921824302020839e+00
1.654513446795761622e+00 1.158197187525416227e+00
1.663201340811113926e+00 1.160459538437140337e+00
1.671885278830548716e+00 1.162680418378796432e+00
1.680571183416578629e+00 1.164900536702168754e+00
1.689255568187679524e+00 1.167116239055888460e+00
1.697943858029253406e+00 1.169310889581006929e+00
1.706632450873294626e+00 1.171507074266625592e+00
1.715317954098676267e+00 1.173669856725481297e+00
1.723997176191743863e+00 1.175798481266997708e+00
1.732683193010557510e+00 1.177915979765047805e+00
1.741372236906632009e+00 1.180060083342020061e+00
1.750060756064396150e+00 1.182173509689784741e+00
1.758745406159863744e+00 1.184238587109048613e+00
1.767430461233555405e+00 1.186312324996905421e+00
1.776119799052987558e+00 1.188365693571776349e+00
1.784802666144291727e+00 1.190408151423436811e+00
1.793490045128653065e+00 1.192418217193482288e+00
1.802171450951763676e+00 1.194400473959039921e+00
1.810857291088486365e+00 1.196388851639409667e+00
1.819543935541868329e+00 1.198371409994461567e+00
1.828234414651039863e+00 1.200309167605256189e+00
1.836918805754062634e+00 1.202238703971228118e+00
1.845606487232081871e+00 1.204147858450410169e+00
1.854287819272693039e+00 1.206023420548813174e+00
1.862977667081076927e+00 1.207898806292266425e+00
1.871660486091866638e+00 1.209737243939676743e+00
1.880344758423387219e+00 1.211554404176448996e+00
1.889032636785336505e+00 1.213359118344451426e+00
1.897720537011102104e+00 1.215145976759019808e+00
1.906405083653787136e+00 1.216893180337262681e+00
1.915088382437210912e+00 1.218617896497232733e+00
1.923777489555192899e+00 1.220334834602697427e+00
1.932463617491276597e+00 1.222021834814062791e+00
1.941148540820045731e+00 1.223676354183662385e+00
1.949833833691678064e+00 1.225307561117146227e+00
1.958520881639487232e+00 1.226911041018060367e+00
1.967206209265102368e+00 1.228482179167718957e+00
1.975891136401792370e+00 1.230027886907795187e+00
1.984576815592950405e+00 1.231550910191680170e+00
1.993264242286589383e+00 1.233036648225985132e+00
2.001949941084268048e+00 1.234500536885547506e+00
2.010639116736629983e+00 1.235930968385009043e+00
2.019324037153690465e+00 1.237324740762073771e+00
2.028001579346857763e+00 1.238662217631752105e+00
2.036708721569885583e+00 1.240053415819188043e+00
2.045362102653347502e+00 1.241242748698998977e+00
2.054076557290510419e+00 1.242581830478656668e+00
2.062732363205393771e+00 1.243696622146900355e+00
2.071440127177887280e+00 1.244937100701876798e+00
2.080121199509480157e+00 1.246063853140173316e+00
2.088809166461293110e+00 1.247168751468663572e+00
2.097500252231686346e+00 1.248224917830118130e+00
2.106190897263414907e+00 1.249249645467176206e+00
2.114877749892835279e+00 1.250236044525450341e+00
2.123557658003949022e+00 1.251115892561134535e+00
2.132227660733367447e+00 1.251956192940863355e+00
2.140916376939069998e+00 1.252770510279713756e+00
2.149619341533153261e+00 1.253588507478364145e+00
2.158302169228022649e+00 1.254320087572821318e+00
2.166992230830110167e+00 1.254981287410364965e+00
2.175656747281663694e+00 1.255551107143662248e+00
2.184350674046956264e+00 1.256116770458182375e+00
2.193041072153241622e+00 1.256625538441064949e+00
2.201724770116379126e+00 1.257052752425384057e+00
2.210398788652244040e+00 1.257391835373697253e+00
2.219086557169252405e+00 1.257705956609579845e+00
2.227783900853717913e+00 1.257986667881224818e+00
2.236461681626814801e+00 1.258140878863776901e+00
2.245142372652961349e+00 1.258230857607824937e+00
2.253846646198500725e+00 1.258321606630421918e+00
2.262522279712050111e+00 1.258255629126129538e+00
2.271214097208833049e+00 1.258161679426056168e+00
2.279894980011638150e+00 1.257954931990728387e+00
2.288584544967284806e+00 1.257703086222510924e+00
2.297278910233113258e+00 1.257372467650960113e+00
2.305952944960506734e+00 1.256905587917639622e+00
2.314646564169263510e+00 1.256407985434929264e+00
2.323334618599049328e+00 1.255815613736938952e+00
2.332014058005567492e+00 1.255092551377064325e+00
2.340701838731676698e+00 1.254315457107579634e+00
2.349394100943867247e+00 1.253459483845340561e+00
2.358068162561538283e+00 1.252434701233179792e+00
2.366759055126330225e+00 1.251375848840007521e+00
2.375444125505116411e+00 1.250198116370206725e+00
2.384120341773881879e+00 1.248901059978758665e+00
2.392820015230384900e+00 1.247549959989141311e+00
2.401503931921635360e+00 1.246061870311080622e+00
2.410186528657108695e+00 1.244455333903878191e+00
2.418864514207728078e+00 1.242728974770464623e+00
2.427551021207392967e+00 1.240903612132113532e+00
2.436242180871562191e+00 1.238990349717237205e+00
2.444934344191361131e+00 1.236946826536611699e+00
2.453608792024851937e+00 1.234759499108754266e+00
2.462308134571690399e+00 1.232511039601892788e+00
2.470983487381526622e+00 1.230091660430470357e+00
2.479676062868144903e+00 1.227595050280359423e+00
2.488353265039028095e+00 1.224917192620590178e+00
2.497040282255930777e+00 1.222160917289262239e+00
2.505733169785892223e+00 1.219317316632411163e+00
2.514414920580368751e+00 1.216304562535926115e+00
2.523108860380629981e+00 1.213206485158231152e+00
2.531785369705966904e+00 1.209935251902648945e+00
2.540479637121155321e+00 1.206602638176595743e+00
2.549162719422823908e+00 1.203110817009716449e+00
2.557843920244873281e+00 1.199499329598399111e+00
2.566531765703206958e+00 1.195794805573563435e+00
2.575222494700845299e+00 1.191979965249097884e+00
2.583901240999186388e+00 1.188027201641206565e+00
2.592587532272929263e+00 1.183983572308900056e+00
2.601277556858065942e+00 1.179842420444629392e+00
2.609957059058034545e+00 1.175579049782509156e+00
2.618644188296300523e+00 1.171231052334665179e+00
2.627335127122438774e+00 1.166813385363045130e+00
2.636016235228834770e+00 1.162273945322306545e+00
2.644704402685502664e+00 1.157678892010955307e+00
2.653395843856297454e+00 1.153027627353502726e+00
2.662077533859562806e+00 1.148269957061230473e+00
2.670765211019903163e+00 1.143460887356495537e+00
2.679446067549210664e+00 1.138596925163627205e+00
2.688134945323487734e+00 1.133701123873254391e+00
2.696819272904143361e+00 1.128776834174883170e+00
2.705504501403834361e+00 1.123796047758348182e+00
2.714195594009873425e+00 1.118843105004643679e+00
2.722880610686939207e+00 1.113861339291168706e+00
2.731564592279402515e+00 1.108879050328590354e+00
2.740252127735847587e+00 1.103914373202692145e+00
2.748939636331323211e+00 1.099010911479318509e+00
2.757623745908388990e+00 1.094116036449834573e+00
2.766308722940395981e+00 1.089243716065797063e+00
2.774991146119563989e+00 1.084486476535126753e+00
2.783682089760921130e+00 1.079791515537942503e+00
2.792363669595543829e+00 1.075148995632296822e+00
2.801053663477656386e+00 1.070645544394044135e+00
2.809734743802757784e+00 1.066226473152144916e+00
2.818423855092078600e+00 1.061950157827358243e+00
2.827110687466011019e+00 1.057802851610545547e+00
2.835792000694008053e+00 1.053781040004519554e+00
2.844483388783955569e+00 1.049943337188814274e+00
2.853168706761128437e+00 1.046254662761890941e+00
2.861850906339496348e+00 1.042717021535827238e+00
2.870538504002455582e+00 1.039380064755379696e+00
2.879222076204238423e+00 1.036212864340964268e+00
2.887909731821404424e+00 1.033238791699232273e+00
2.896597859147001408e+00 1.030449948189589016e+00
2.905283056271975806e+00 1.027845752064410867e+00
2.913967417181482666e+00 1.025417932727046733e+00
2.922652810068572915e+00 1.023175000619114261e+00
2.931340890379663833e+00 1.021111079057068993e+00
2.940023141138418783e+00 1.019200401753834972e+00
2.948711196278678059e+00 1.017449076147765696e+00
2.957396552840342974e+00 1.015845036665122159e+00
2.966085388178410831e+00 1.014377765620920968e+00
2.974769521713887421e+00 1.013009489329928625e+00
2.983454880611031701e+00 1.011729859321973679e+00
2.992142444538741675e+00 1.010515813110564265e+00
